23.800003 14.900000 0.000000
26.646131 15.099999 0.000000
29.522525 15.099999 0.000000
32.253246 15.014676 0.000000
34.897338 14.633777 0.000000
37.620185 14.026604 0.000000
40.321721 13.526093 0.000000
43.013511 12.986490 0.000000
45.670431 12.404927 0.000000
48.326091 11.862318 0.000000
51.013764 11.362079 0.000000
53.754257 10.790956 0.000000
56.500000 10.152666 0.000000
59.216634 9.613893 0.000000
62.045804 9.042365 0.000000
64.877388 8.500000 0.000000
67.764443 7.955926 0.000000
70.563640 7.400000 0.000000
73.162581 6.876774 0.000000
75.911537 6.388464 0.000000
78.436045 5.799999 0.000000
80.538663 5.361338 0.000000
83.112115 4.812108 0.000000
85.921318 4.295737 0.000000
88.453879 3.700001 0.000000
91.346202 3.200001 0.000000
94.149705 2.600000 0.000000
96.945442 2.050912 0.000000
99.774025 1.441990 0.000000
102.633732 0.799999 0.000000
105.350802 0.291533 0.000000
108.100006 -0.343826 0.000000
110.837031 -0.789505 0.000000
113.492692 -1.332116 0.000000
116.283523 -1.930587 0.000000
119.084717 -2.484712 0.000000
121.878137 -3.078143 0.000000
124.559787 -3.599998 0.000000
127.226311 -4.200001 0.000000
129.975590 -4.700001 0.000000
132.630222 -5.255037 0.000000
135.399994 -5.854850 0.000000
137.959133 -6.259137 0.000000
140.714377 -7.022874 0.000000
143.536865 -7.587370 0.000000
146.298963 -8.100002 0.000000
149.083425 -8.683420 0.000000
151.747563 -9.247557 0.000000
154.397616 -9.782939 0.000000
157.102287 -10.333718 0.000000
159.925026 -10.875008 0.000000
162.521640 -11.406184 0.000000
165.338747 -11.973125 0.000000
168.132737 -12.561819 0.000000
170.797414 -13.116233 0.000000
173.612360 -13.704122 0.000000
176.315823 -14.200001 0.000000
179.108152 -14.800003 0.000000
181.802521 -15.420505 0.000000
184.643354 -15.963337 0.000000
187.318349 -16.500000 0.000000
190.016053 -16.916054 0.000000
192.781893 -17.500000 0.000000
195.333089 -18.033089 0.000000
197.625386 -18.900002 0.000000
199.860030 -19.960033 0.000000
202.008562 -21.508553 0.000000
203.876321 -23.676324 0.000000
205.200012 -25.826936 0.000000
206.030024 -28.250108 0.000000
206.200012 -31.201751 0.000000
206.100006 -34.160325 0.000000
205.155018 -36.844994 0.000000
203.440802 -39.159204 0.000000
201.174082 -40.975307 0.000000
198.474222 -41.962887 0.000000
195.684345 -42.728918 0.000000
192.882879 -43.443426 0.000000
190.059309 -44.140697 0.000000
187.237846 -44.800003 0.000000
184.328968 -45.100006 0.000000
181.611477 -44.507647 0.000000
179.607209 -42.907201 0.000000
177.924350 -40.565796 0.000000
176.398832 -38.098380 0.000000
174.637147 -35.728158 0.000000
172.703807 -33.603805 0.000000
170.556834 -31.556830 0.000000
168.220135 -29.790101 0.000000
165.701868 -28.301874 0.000000
163.072999 -27.057662 0.000000
160.309765 -26.077441 0.000000
157.578509 -25.295703 0.000000
154.646130 -24.774357 0.000000
151.660560 -24.599998 0.000000
148.660560 -24.599998 0.000000
145.660560 -24.599998 0.000000
142.706141 -24.800003 0.000000
139.751719 -25.000000 0.000000
136.751719 -25.000000 0.000000
133.751719 -25.000000 0.000000
130.751719 -25.000000 0.000000
127.797304 -25.200001 0.000000
124.797304 -25.200001 0.000000
121.797304 -25.200001 0.000000
118.797304 -25.200001 0.000000
115.844116 -25.429658 0.000000
112.888460 -25.599998 0.000000
109.888460 -25.599998 0.000000
106.888460 -25.599998 0.000000
103.892300 -25.692309 0.000000
100.934041 -25.800003 0.000000
97.934041 -25.800003 0.000000
94.934041 -25.800003 0.000000
92.026190 -26.263947 0.000000
89.339735 -27.525654 0.000000
87.617670 -29.840296 0.000000
86.700012 -32.668143 0.000000
87.508940 -35.503379 0.000000
89.052761 -37.908250 0.000000
91.765507 -39.189270 0.000000
94.199997 -39.710897 0.000000
96.899994 -40.047508 0.000000
99.450448 -40.400002 0.000000
101.977397 -40.652492 0.000000
104.642678 -41.100006 0.000000
107.277016 -41.300003 0.000000
109.834687 -41.542668 0.000000
112.775005 -41.897918 0.000000
113.229654 -42.000000 0.000000
115.942101 -42.294213 0.000000
118.409473 -42.690519 0.000000
121.079083 -42.946515 0.000000
123.672005 -43.500000 0.000000
125.999605 -44.200005 0.000000
128.216548 -45.305515 0.000000
130.569852 -46.699997 0.000000
132.686153 -48.672280 0.000000
134.623484 -50.723480 0.000000
136.300003 -53.021212 0.000000
137.600006 -55.454477 0.000000
138.566007 -58.166003 0.000000
139.100006 -61.026717 0.000000
139.300003 -63.885300 0.000000
139.085514 -66.801434 0.000000
138.773360 -69.746538 0.000000
138.296401 -72.639625 0.000000
138.029808 -75.621166 0.000000
137.654765 -78.542941 0.000000
137.600006 -81.540663 0.000000
137.300003 -84.471475 0.000000
137.300003 -87.471475 0.000000
137.400009 -90.467315 0.000000
137.400009 -93.467315 0.000000
137.300003 -96.463155 0.000000
137.300003 -99.463155 0.000000
137.100006 -102.415502 0.000000
136.600006 -105.273055 0.000000
135.618408 -107.981598 0.000000
134.362874 -110.537125 0.000000
132.277957 -112.322053 0.000000
129.393088 -112.600006 0.000000
126.496986 -112.196998 0.000000
123.691645 -111.478327 0.000000
120.867027 -110.767036 0.000000
118.021521 -110.100006 0.000000
115.171180 -109.414229 0.000000
112.368593 -108.693732 0.000000
109.531228 -108.006246 0.000000
106.709620 -107.284940 0.000000
103.850865 -106.670183 0.000000
101.037625 -105.937619 0.000000
98.222992 -105.199997 0.000000
95.378409 -104.500000 0.000000
92.511932 -103.864767 0.000000
89.659209 -103.100006 0.000000
86.825419 -102.425088 0.000000
84.003139 -101.703135 0.000000
81.163107 -101.052626 0.000000
78.366330 -100.294393 0.000000
75.496782 -99.649465 0.000000
72.719338 -99.000000 0.000000
70.023884 -98.015923 0.000000
67.553119 -96.653122 0.000000
65.455136 -94.955138 0.000000
63.645022 -92.845022 0.000000
62.474387 -90.574385 0.000000
61.900002 -87.950046 0.000000
61.900002 -85.232884 0.000000
62.352414 -82.537943 0.000000
63.100006 -79.979588 0.000000
63.971171 -77.500000 0.000000
64.805321 -74.978728 0.000000
65.641882 -72.432466 0.000000
66.478448 -69.886211 0.000000
67.300003 -67.338108 0.000000
68.200005 -64.887351 0.000000
69.000000 -62.336593 0.000000
69.800003 -59.696395 0.000000
70.000000 -56.800553 0.000000
70.181982 -54.314832 0.000000
69.494275 -51.477101 0.000000
68.362198 -48.762200 0.000000
66.705540 -46.340105 0.000000
64.748202 -44.148198 0.000000
62.410768 -42.358073 0.000000
59.867495 -41.100006 0.000000
58.687411 -40.716627 0.000000
56.781802 -40.600006 0.000000
53.809567 -40.400002 0.000000
50.913333 -40.209442 0.000000
47.913726 -40.199997 0.000000
45.002490 -39.866876 0.000000
42.005272 -39.800003 0.000000
39.033034 -39.600006 0.000000
36.074462 -39.500000 0.000000
33.186919 -39.199997 0.000000
30.199997 -39.186919 0.000000
27.291070 -39.000000 0.000000
24.335487 -38.827960 0.000000
21.360256 -38.700005 0.000000
18.406216 -38.500000 0.000000
15.410375 -38.400002 0.000000
12.452997 -38.271084 0.000000
9.479556 -38.100006 0.000000
6.507198 -38.248798 0.000000
3.619110 -38.800003 0.000000
0.807708 -39.699997 0.000000
-1.812108 -41.045066 0.000000
-4.236016 -42.702196 0.000000
-6.286276 -44.883534 0.000000
-7.961981 -47.286769 0.000000
-9.440699 -49.840703 0.000000
-10.490424 -52.561701 0.000000
-11.152467 -55.419746 0.000000
-11.400002 -58.386954 0.000000
-11.199997 -61.370400 0.000000
-10.668931 -64.193206 0.000000
-10.099998 -66.941290 0.000000
-9.799999 -69.901728 0.000000
-10.000000 -72.850405 0.000000
-11.215087 -75.386785 0.000000
-13.179826 -77.579834 0.000000
-15.666575 -78.916645 0.000000
-18.573472 -79.199997 0.000000
-21.341559 -78.752816 0.000000
-23.709653 -77.500000 0.000000
-25.787654 -75.612351 0.000000
-27.299999 -73.305553 0.000000
-27.599998 -70.829814 0.000000
-27.400000 -68.144537 0.000000
-26.744011 -65.576052 0.000000
-26.000000 -63.013584 0.000000
-25.300771 -60.368473 0.000000
-24.549285 -57.681668 0.000000
-23.757452 -55.100006 0.000000
-23.000000 -52.506699 0.000000
-22.299999 -49.855941 0.000000
-21.501256 -47.305026 0.000000
-20.761706 -44.746827 0.000000
-20.022157 -42.188625 0.000000
-19.282606 -39.630426 0.000000
-18.510553 -36.924625 0.000000
-17.851657 -34.206631 0.000000
-17.112108 -31.648432 0.000000
-16.372557 -29.090234 0.000000
-15.537894 -26.551579 0.000000
-14.705485 -24.000000 0.000000
-14.200001 -21.141335 0.000000
-13.513011 -18.752046 0.000000
-12.684445 -16.225189 0.000000
-11.799999 -13.689746 0.000000
-10.946820 -11.200001 0.000000
-9.900002 -8.911729 0.000000
-8.588344 -6.676692 0.000000
-7.183654 -4.367313 0.000000
-5.699997 -2.105755 0.000000
-3.987121 0.043287 0.000000
-2.078219 2.200001 0.000000
-0.062348 4.237652 0.000000
2.038205 6.083429 0.000000
4.204791 7.799999 0.000000
6.400838 9.200001 0.000000
8.824732 10.508243 0.000000
11.244931 11.500000 0.000000
13.594187 12.448546 0.000000
16.050922 13.299999 0.000000
18.617675 14.003534 0.000000
